1 764
1 958
1 407
1 1225
1 1269
1 974
1 905
1 904
1 1220
1 367
1 175
1 239
1 117
1 1288
1 1206
1 1032
1 893
1 39
1 1156
1 62
1 268
1 64
1 914
1 1004
1 1389
1 1364
1 174
1 971
1 968
1 1319
1 966
1 330
1 65
1 411
1 335
1 1107
1 153
1 1274
1 1000
1 1001
1 693
1 1006
1 472
1 993
1 961
1 824
1 345
1 947
1 1102
1 72
1 713
1 132
1 1077
1 480
1 692
1 873
1 800
1 529
1 512
1 1378
1 256
1 808
1 514
1 133
1 612
1 636
1 665
1 130
1 368
1 334
1 1231
1 569
1 650
1 1349
1 147
1 391
1 556
1 790
1 293
1 415
1 1382
1 623
1 439
1 49
1 78
1 361
1 222
1 1200
1 1292
1 1311
1 694
1 190
1 138
1 655
1 1151
1 37
1 1076
1 1248
1 296
1 1166
1 695
1 662
1 402
1 1352
1 495
1 344
1 1039
1 88
1 1157
1 1064
1 794
1 847
1 506
1 331
1 1003
1 1356
1 466
1 173
1 373
1 216
1 40
1 370
1 519
1 86
1 403
1 815
1 626
1 1280
1 1283
1 84
1 1367
1 675
1 1321
1 265
1 1040
1 515
1 56
1 1267
1 894
1 1186
1 903
1 25
1 224
1 248
1 423
1 492
1 1258
1 291
1 1355
1 952
1 1208
1 1271
1 139
1 786
1 930
1 482
1 235
1 793
1 197
1 243
1 798
1 213
1 238
1 998
1 584
1 504
1 1313
1 972
1 421
1 1276
1 349
1 525
1 642
1 1007
1 848
1 680
1 1145
1 1307
1 1277
1 1223
1 568
1 1262
1 1114
1 1312
1 57
1 416
1 229
1 672
1 1303
1 1010
1 79
1 1327
1 142
1 209
1 311
1 1390
1 188
1 1246
1 813
1 1254
1 319
1 71
1 1322
1 260
1 1065
1 674
1 1198
1 654
1 567
1 609
1 1314
1 1167
1 1011
1 1230
1 312
1 1080
1 1227
1 179
1 263
1 1316
1 328
1 741
1 805
1 1005
1 470
1 459
1 192
1 922
1 280
1 193
1 970
1 1391
1 679
1 279
1 187
1 1317
1 1237
1 522
1 33
1 508
1 114
1 372
1 696
1 205
1 284
1 126
1 605
1 517
1 32
1 178
1 154
1 232
1 171
1 194
1 727
1 308
1 513
1 252
1 926
1 253
1 1315
1 1091
1 807
1 663
1 467
1 120
1 172
1 1235
1 1192
1 352
1 305
1 689
1 1266
1 721
1 1331
1 310
1 1216
1 396
1 447
1 1298
1 671
1 80
1 277
1 74
1 395
1 624
1 177
1 687
1 552
1 92
1 1386
1 1094
1 390
1 1190
1 887
1 1366
1 97
1 274
1 810
1 101
1 1381
1 1393
1 1147
1 19
1 346
1 977
1 1205
1 1212
1 996
1 300
1 233
1 301
1 1229
1 748
1 1100
1 207
1 625
1 1047
1 581
1 307
1 48
1 203
1 353
1 1162
1 1261
1 90
1 110
1 1238
1 1199
1 443
1 849
1 386
1 290
1 1310
1 943
1 557
1 1336
1 38
1 169
1 1009
1 907
1 1074
1 1300
1 782
1 15
1 1385
1 140
1 451
1 199
1 656
1 1334
1 917
1 170
1 1171
1 202
1 1163
1 1008
1 2
1 1179
1 564
1 1332
1 1119
1 435
1 546
1 962
1 1278
1 652
1 792
1 379
1 683
1 892
1 994
1 717
1 1135
1 997
1 212
1 816
1 1090
1 189
1 364
1 1287
1 250
1 1155
1 498
1 784
1 836
1 9
1 1252
1 103
1 10
1 1241
1 1082
1 4
1 196
1 464
1 342
1 70
1 94
1 545
1 317
1 469
1 1109
1 425
1 804
1 442
1 981
1 1035
1 979
1 123
1 176
1 151
1 1351
1 763
1 1285
1 637
1 1185
1 161
1 549
1 406
1 585
1 329
1 700
1 1169
1 891
1 1204
1 1234
1 1353
1 580
1 1324
1 990
1 1181
1 282
1 332
1 156
1 1236
1 632
1 900
1 757
1 540
1 949
1 152
1 428
1 828
1 89
1 456
1 119
1 399
1 759
1 809
1 1062
1 509
1 1193
1 1002
1 381
1 1239
1 1250
1 354
1 939
1 109
1 1383
1 927
1 1043
1 978
1 465
1 58
1 1182
1 933
1 1104
1 321
1 688
1 987
1 631
1 575
1 1
1 264
1 566
1 608
1 382
1 496
1 712
1 719
1 201
1 1309
1 601
1 448
1 932
1 1014
1 1203
1 635
1 945
1 95
1 337
1 413
1 369
1 257
1 991
1 1354
1 1257
1 838
1 1202
1 410
1 595
1 709
1 1045
1 93
1 773
1 681
1 1128
1 73
1 55
1 497
1 234
1 1247
1 814
1 850
1 304
1 249
1 806
1 725
1 226
1 657
1 1191
1 1088
1 572
1 1153
1 148
1 1222
1 1075
1 1116
1 761
1 670
1 230
1 240
1 251
1 542
1 1063
1 1019
1 1095
1 863
1 1232
1 1306
1 770
1 527
1 999
1 347
1 430
1 638
1 677
1 1253
1 627
1 463
1 739
1 538
1 292
1 273
1 1289
1 318
1 165
1 1164
1 989
1 473
1 511
1 135
1 1173
1 1265
1 29
1 697
1 1071
1 600
1 1106
1 673
1 1066
1 841
1 1093
1 1017
1 724
1 574
1 704
1 901
1 241
1 1320
1 91
1 811
1 14
1 266
1 830
1 535
1 431
1 920
1 801
1 76
1 711
1 503
1 1130
1 309
1 375
1 946
1 628
1 245
1 1244
1 1305
1 516
1 122
1 1323
1 758
1 1228
1 678
1 781
1 774
1 547
1 262
1 82
1 640
1 865
1 839
1 1099
1 1146
1 221
1 85
1 1068
1 1098
1 561
1 1339
1 186
1 491
1 857
1 583
1 658
1 1301
1 954
1 129
1 363
1 454
1 1329
1 1226
1 988
1 1133
1 562
1 115
1 1233
1 643
1 432
1 707
1 339
1 797
1 383
1 247
1 357
1 128
1 992
1 54
1 1072
1 278
1 573
1 449
1 723
1 780
1 746
1 651
1 553
1 1125
1 975
1 876
1 659
1 1189
1 485
1 1328
1 27
1 50
1 699
1 1318
1 1144
1 184
1 722
1 1081
1 796
1 518
1 261
1 803
1 52
1 458
1 1124
1 791
1 77
1 1165
1 1335
1 846
1 985
1 351
1 641
1 795
1 83
1 1245
1 634
1 959
1 474
1 225
1 1160
1 42
1 1398
1 1211
1 911
1 1168
1 3
1 872
1 288
1 777
1 1281
1 1083
1 955
1 433
1 1240
1 183
1 1337
1 976
1 967
1 462
1 106
1 294
1 31
1 676
1 747
1 393
1 1092
1 384
1 283
1 124
1 772
1 698
1 743
1 409
1 204
1 986
1 1213
1 131
1 385
1 1056
1 5
1 982
1 710
1 1363
1 198
1 554
1 195
1 219
1 1195
1 374
1 1136
1 11
1 163
1 378
1 594
1 934
1 1108
1 875
1 44
1 855
1 983
1 475
1 571
1 214
1 1149
1 1304
1 63
1 1326
1 468
1 121
1 760
1 242
1 206
1 618
1 1175
1 1373
1 1371
1 185
1 461
1 1308
1 928
1 388
1 1249
1 733
1 102
1 1350
1 931
1 1325
1 134
1 276
1 1399
1 362
1 1194
1 1377
1 913
1 35
1 690
1 478
1 705
1 647
1 75
1 788
1 629
1 598
1 211
1 844
1 667
1 401
1 1376
1 59
1 852
1 1259
1 1022
1 160
1 159
1 272
1 1070
1 736
1 558
1 956
1 1368
1 941
1 938
1 610
1 597
1 490
1 34
1 1059
1 948
1 1395
1 215
1 703
1 1188
1 1086
1 1210
1 842
1 902
1 303
1 324
1 1268
1 953
1 1051
1 228
1 1342
1 24
1 783
1 1341
1 587
1 417
1 116
1 825
1 1161
1 481
1 851
1 315
1 1242
1 287
1 314
1 1263
1 20
1 921
1 1187
1 877
1 536
1 1272
1 343
1 51
1 436
1 924
1 1159
1 155
1 593
1 220
1 735
1 1343
1 661
1 505
1 918
1 105
1 860
1 1038
1 167
1 789
1 99
1 191
1 878
1 246
1 1290
1 843
1 327
1 434
1 87
1 1127
1 1348
1 306
1 861
1 479
1 258
1 1338
1 785
1 1380
1 1387
1 1302
1 46
1 96
1 1042
1 769
1 720
1 818
1 1264
1 1392
1 611
1 457
1 984
1 486
1 831
1 645
1 1224
1 550
1 1078
1 565
1 1103
1 104
1 360
1 13
1 182
1 755
1 845
1 829
1 767
1 1379
1 127
1 563
1 1243
1 30
1 716
1 859
1 1344
1 446
1 1044
1 753
1 380
1 452
1 1374
1 487
1 1275
1 1172
1 827
1 1097
1 1033
1 604
1 1132
1 528
1 936
1 768
1 1217
1 28
1 1177
1 158
1 582
1 960
1 365
1 787
1 1400
1 326
1 664
1 766
1 912
1 1178
1 1143
1 45
1 812
1 1284
1 980
1 420
1 531
1 1087
1 1129
1 1251
1 1197
1 644
1 929
1 653
1 765
1 858
1 108
1 500
1 1015
1 579
1 414
1 338
1 1255
1 1219
1 267
1 427
1 899
1 289
1 1291
1 614
1 555
1 1111
1 8
1 1053
1 477
1 889
1 749
1 484
1 453
1 285
1 1333
1 1201
1 799
1 1184
1 856
1 682
1 686
1 592
1 237
1 1046
1 588
1 1021
1 762
1 560
1 915
1 730
1 1067
1 646
1 1054
1 113
1 591
1 358
1 100
1 157
1 633
1 356
1 144
1 685
1 149
1 576
1 1126
1 125
1 1055
1 36
1 141
1 714
1 1296
1 578
1 66
1 1183
1 7
1 1134
1 701
1 869
1 1365
1 957
1 1031
1 1118
1 826
1 168
1 897
1 476
1 973
1 16
1 489
1 603
1 259
1 244
1 602
1 1117
1 297
1 302
1 1131
1 348
1 1052
1 937
1 1270
1 1370
1 1207
1 112
1 1139
1 1154
1 236
1 729
1 166
1 227
1 964
1 691
1 599
1 1034
1 53
1 426
1 1137
1 210
1 589
2 324
2 323
2 1395
2 629
2 180
2 559
2 655
2 1393
2 1274
2 666
2 283
2 1319
2 44
2 369
2 572
2 626
2 1161
2 1107
2 1006
2 983
2 902
2 1213
2 554
2 433
2 1263
2 142
2 1307
2 318
2 211
2 670
2 662
2 398
2 523
2 20
2 1151
2 65
2 438
2 154
2 101
2 566
2 294
2 435
2 1157
2 123
2 959
2 64
2 145
2 25
2 334
2 564
2 35
2 160
2 93
2 1002
2 1394
2 872
2 2
2 1192
2 1179
2 1239
2 1264
2 1364
2 1309
2 190
2 372
2 667
2 1300
2 410
2 120
2 456
2 295
2 37
2 288
2 1104
2 36
2 688
2 421
2 373
2 434
2 946
2 873
2 71
2 49
2 1204
2 689
2 110
2 1378
2 348
2 623
2 234
2 1377
2 7
2 1106
2 1258
2 571
2 553
2 260
2 962
2 329
2 347
2 102
2 464
2 354
2 597
2 661
2 803
2 84
2 158
2 816
2 332
2 757
2 927
2 73
2 1156
2 1159
2 1185
2 522
2 395
2 490
2 416
2 981
2 1313
2 784
2 58
2 1112
2 1248
2 4
2 1342
2 979
2 222
2 55
2 269
2 1315
2 303
2 21
2 1304
2 1366
2 1247
2 74
2 664
2 98
2 146
2 193
2 625
2 343
2 903
2 1220
2 976
2 5
2 273
2 378
2 754
2 1105
2 600
2 584
2 1281
2 1218
2 634
2 1314
2 1312
2 524
2 81
2 509
2 161
2 181
2 411
2 171
2 289
2 45
2 498
2 808
2 606
2 630
2 811
2 665
2 501
2 362
2 541
2 1328
2 178
2 1040
2 135
2 1317
2 539
2 1224
2 1198
2 546
2 609
2 232
2 23
2 556
2 1222
2 1143
2 353
2 396
2 240
2 1243
2 69
2 345
2 1207
2 1073
2 170
2 550
2 1197
2 1062
2 192
2 1188
2 552
2 599
2 197
2 339
2 1203
2 1386
2 305
2 436
2 493
2 793
2 789
2 1140
2 256
2 94
2 335
2 1310
2 975
2 815
2 809
2 1391
2 1191
2 651
2 675
2 328
2 982
2 349
2 555
2 122
2 469
2 668
2 358
2 537
2 1381
2 370
2 759
2 1005
2 861
2 1082
2 923
2 483
2 1355
2 224
2 79
2 447
2 371
2 306
2 963
2 575
2 802
2 1080
2 994
2 27
2 387
2 401
2 394
2 1257
2 569
2 978
2 585
2 265
2 144
2 263
2 1311
2 1098
2 1348
2 992
2 865
2 544
2 132
2 1389
2 13
2 414
2 570
2 24
2 646
2 1114
2 1356
2 77
2 1301
2 1001
2 325
2 497
2 423
2 128
2 1124
2 901
2 403
2 993
2 439
2 342
2 1318
2 1004
2 713
2 542
2 432
2 565
2 1241
2 947
2 1147
2 186
2 233
2 1065
2 1253
2 1390
2 525
2 1231
2 266
2 1305
2 1276
2 252
2 1286
2 1193
2 29
2 1097
2 274
2 1255
2 1238
2 980
2 547
2 1367
2 360
2 384
2 998
2 50
2 1211
2 1277
2 229
2 576
2 549
2 798
2 1252
2 1297
2 26
2 966
2 568
2 1158
2 1352
2 97
2 473
2 272
2 402
2 557
2 1074
2 61
2 106
2 1268
2 278
2 797
2 656
2 707
2 124
2 1228
2 85
2 925
2 1075
2 322
2 338
2 801
2 1279
2 291
2 344
2 1229
2 517
2 495
2 399
2 267
2 51
2 504
2 1108
2 196
2 1282
2 579
2 645
2 230
2 508
2 119
2 62
2 1217
2 89
2 201
2 1245
2 807
2 1215
2 270
2 1234
2 231
2 179
2 1066
2 1316
2 944
2 311
2 1226
2 717
2 1099
2 1373
2 364
2 747
2 1236
2 531
2 437
2 1200
2 912
2 580
2 494
2 317
2 869
2 899
2 685
2 248
2 182
2 6
2 72
2 66
2 1326
2 690
2 482
2 574
2 540
2 601
2 19
2 188
2 849
2 1183
2 406
2 388
2 383
2 415
2 1284
2 1000
2 1283
2 47
2 366
2 1177
2 175
2 907
2 922
2 38
2 971
2 924
2 773
2 87
2 485
2 137
2 276
2 805
2 177
2 333
2 159
2 310
2 365
2 1007
2 528
2 1100
2 56
2 1130
2 247
2 139
2 308
2 326
2 1302
2 350
2 991
2 826
2 1153
2 518
2 352
2 319
2 442
2 799
2 1077
2 1195
2 1246
2 1259
2 481
2 635
2 168
2 581
2 1194
2 1214
2 185
2 500
2 612
2 560
2 1202
2 1184
2 105
2 999
2 205
2 804
2 268
2 189
2 693
2 54
2 262
2 917
2 463
2 1149
2 800
2 235
2 261
2 628
2 712
2 930
2 489
2 134
2 967
2 95
2 868
2 892
2 1350
2 431
2 480
2 409
2 307
2 174
2 22
2 1292
2 407
2 533
2 659
2 1262
2 953
2 536
2 605
2 162
2 297
2 1110
2 503
2 82
2 578
2 567
2 921
2 462
2 1354
2 1178
2 126
2 428
2 806
2 987
2 1096
2 164
2 695
2 1303
2 99
2 1173
2 286
2 465
2 577
2 692
2 243
2 593
2 1030
2 1208
2 850
2 1116
2 228
2 173
2 703
2 886
2 68
2 860
2 216
2 1344
2 1129
2 794
2 1267
2 487
2 1361
2 1187
2 767
2 12
2 1298
2 586
2 782
2 452
2 1296
2 355
2 969
2 486
2 1111
2 905
2 468
2 169
2 587
2 538
2 974
2 680
2 253
2 933
2 610
2 877
2 997
2 1132
2 40
2 1171
2 279
2 603
2 1145
2 527
2 88
2 714
2 1064
2 314
2 1133
2 293
2 1230
2 57
2 535
2 715
2 1337
2 225
2 1094
2 780
2 1345
2 374
2 887
2 1225
2 1362
2 763
2 375
2 711
2 686
2 841
2 9
2 1341
2 939
2 1201
2 1237
2 1163
2 496
2 1360
2 875
2 1295
2 1323
2 1199
2 663
2 1162
2 1227
2 1109
2 17
2 43
2 1261
2 1299
2 1353
2 446
2 774
2 1146
2 151
2 972
2 302
2 282
2 1155
2 582
2 30
2 1091
2 636
2 220
2 694
2 810
2 952
2 275
2 738
2 336
2 746
2 296
2 131
2 467
2 859
2 1186
2 187
2 909
2 657
2 315
2 1346
2 1244
2 1043
2 671
2 1068
2 813
2 91
2 870
2 654
2 280
2 573
2 1335
2 492
2 202
2 1294
2 1212
2 1240
2 758
2 1076
2 1265
2 163
2 1039
2 658
2 167
2 737
2 618
2 1219
2 620
2 484
2 756
2 950
2 513
2 11
2 943
2 838
2 48
2 92
2 217
2 304
2 194
2 1327
2 300
2 1083
2 8
2 704
2 1031
2 195
2 129
2 1148
2 1189
2 393
2 259
2 676
2 1008
2 1387
2 245
2 526
2 749
2 678
2 783
2 1351
2 828
2 309
2 627
2 893
2 100
2 1270
2 198
2 1338
2 1093
2 1336
2 356
2 207
2 604
2 449
2 1138
2 1320
2 833
2 213
2 466
2 1172
2 592
2 855
2 1339
2 1235
2 918
2 1095
2 1047
2 718
2 900
2 710
2 172
2 244
2 312
2 1375
2 1166
2 823
2 1
2 736
2 1368
2 133
2 1029
2 1181
2 1250
2 650
2 397
2 1061
2 970
2 949
2 940
2 1164
2 932
2 204
2 697
2 1249
2 956
2 876
2 470
2 844
2 176
2 672
2 184
2 562
2 1144
2 147
2 1371
2 696
2 637
2 951
2 857
2 643
2 148
2 417
2 1349
2 986
2 1142
2 78
2 730
2 331
2 359
2 316
2 251
2 919
2 1081
2 34
2 1063
2 529
2 1010
2 996
2 1165
2 863
2 766
2 337
2 1400
2 1027
2 1388
2 390
2 506
2 916
2 1289
2 443
2 80
2 130
2 287
2 729
2 530
2 741
2 212
2 1379
2 1254
2 412
2 721
2 968
2 363
2 700
2 588
2 1272
2 1118
2 1205
2 785
2 1288
2 888
2 611
2 166
2 1101
2 457
2 505
2 520
2 679
2 772
2 516
2 299
2 284
2 258
2 290
2 706
2 878
2 673
2 1121
2 788
2 1174
2 208
2 739
2 28
2 942
2 16
2 519
2 444
2 1003
2 814
2 1392
2 1051
2 545
2 1115
2 781
2 719
2 818
2 846
2 75
2 96
2 1078
2 897
2 621
2 42
2 1092
2 1221
2 150
2 156
2 104
2 973
2 1032
2 787
2 367
2 445
2 836
2 883
2 1044
2 1057
2 762
2 221
2 1380
2 796
2 521
2 330
2 1190
2 723
2 926
2 638
2 368
2 292
2 380
2 1072
2 1009
2 474
2 958
2 90
2 1232
2 215
2 660
2 734
2 960
2 458
2 1363
2 743
2 236
2 1131
2 874
2 733
2 116
2 488
2 812
2 441
2 856
2 183
2 1223
2 14
2 76
2 830
2 1070
2 595
2 459
2 477
2 219
2 1383
2 858
2 125
2 242
2 381
2 1139
2 1324
2 379
2 214
2 594
2 701
2 990
2 1088
2 209
2 1271
2 454
2 1242
2 448
2 751
2 848
2 499
2 1333
2 792
2 1056
2 254
2 1137
2 1069
2 1024
2 598
2 699
2 790
2 1019
2 590
2 1169
2 340
2 534
2 822
2 727
2 115
2 53
2 894
2 649
2 847
2 825
2 476
2 633
2 709
2 239
2 1126
2 1343
2 1330
2 1287
2 246
2 837
2 141
2 1290
2 1119
2 210
2 896
2 165
2 1167
2 33
2 954
2 769
2 1331
2 427
2 117
2 450
2 845
2 1396
2 1209
2 249
2 346
2 602
2 1196
2 941
2 52
2 548
2 1273
2 613
2 653
2 765
2 1035
2 60
2 615
2 377
2 543
2 961
2 39
2 1251
2 1013
2 1154
2 589
2 827
2 867
2 760
2 152
2 59
2 1128
2 839
2 964
2 1322
2 614
2 1018
2 453
2 114
2 511
2 683
2 624
2 764
2 928
2 753
2 140
2 1321
2 83
2 199
3 629
3 324
3 323
3 180
3 1395
3 559
3 1393
3 283
3 655
3 666
3 902
3 44
3 433
3 1006
3 670
3 983
3 398
3 626
3 1281
3 142
3 211
3 154
3 1263
3 554
3 662
3 101
3 1213
3 1107
3 564
3 1307
3 1161
3 369
3 566
3 572
3 435
3 294
3 295
3 872
3 35
3 1237
3 145
3 318
3 1104
3 438
3 36
3 959
3 966
3 499
3 93
3 120
3 288
3 1300
3 1394
3 1002
3 25
3 873
3 962
3 354
3 1106
3 65
3 1323
3 434
3 49
3 347
3 123
3 332
3 688
3 553
3 1204
3 1185
3 661
3 464
3 1192
3 2
3 7
3 372
3 1258
3 1112
3 816
3 1378
3 623
3 158
3 979
3 1239
3 571
3 260
3 1151
3 98
3 784
3 522
3 348
3 269
3 20
3 55
3 927
3 421
3 102
3 160
3 343
3 1274
3 1366
3 4
3 64
3 303
3 5
3 1147
3 523
3 273
3 597
3 410
3 378
3 1319
3 21
3 1179
3 664
3 37
3 689
3 1309
3 1342
3 524
3 84
3 509
3 161
3 976
3 1220
3 146
3 289
3 981
3 152
3 1328
3 222
3 539
3 395
3 1304
3 81
3 584
3 754
3 600
3 803
3 45
3 240
3 546
3 498
3 1105
3 305
3 789
3 73
3 1040
3 493
3 668
3 362
3 606
3 181
3 1005
3 1386
3 353
3 224
3 651
3 963
3 334
3 396
3 1080
3 135
3 1243
3 556
3 387
3 1377
3 555
3 394
3 541
3 23
3 634
3 550
3 436
3 122
3 978
3 585
3 759
3 1159
3 1348
3 456
3 544
3 13
3 414
3 675
3 1301
3 325
3 1124
3 1073
3 1062
3 373
3 901
3 1207
3 234
3 144
3 815
3 306
3 861
3 1198
3 339
3 923
3 757
3 329
3 982
3 416
3 1247
3 1224
3 77
3 1264
3 525
3 447
3 537
3 946
3 1157
3 625
3 1255
3 980
3 27
3 360
3 1241
3 432
3 808
3 1197
3 24
3 370
3 349
3 630
3 1381
3 186
3 667
3 1218
3 994
3 371
3 599
3 1355
3 106
3 1082
3 278
3 197
3 192
3 1222
3 128
3 274
3 1065
3 266
3 399
3 646
3 1001
3 707
3 29
3 61
3 196
3 793
3 1311
3 1268
3 110
3 542
3 508
3 1188
3 338
3 62
3 229
3 85
3 992
3 1253
3 501
3 1097
3 1098
3 94
3 1004
3 231
3 230
3 97
3 944
3 233
3 1321
3 1282
3 1226
3 717
3 1277
3 1217
3 1236
3 469
3 1200
3 1191
3 925
3 344
3 1391
3 423
3 869
3 1193
3 248
3 51
3 1108
3 570
3 58
3 531
3 645
3 575
3 1099
3 267
3 79
3 802
3 26
3 74
3 1183
3 66
3 388
3 383
3 1075
3 1284
3 801
3 1000
3 565
3 1283
3 366
3 1279
3 922
3 1297
3 1074
3 437
3 50
3 574
3 1310
3 328
3 473
3 485
3 557
3 690
3 601
3 333
3 713
3 119
3 497
3 1373
3 947
3 1318
3 609
3 71
3 342
3 352
3 364
3 1246
3 89
3 1214
3 500
3 579
3 549
3 528
3 1140
3 912
3 47
3 406
3 6
3 1229
3 576
3 580
3 1211
3 494
3 1259
3 560
3 235
3 134
3 635
3 967
3 481
3 185
3 384
3 232
3 365
3 747
3 1215
3 1234
3 270
3 1114
3 409
3 773
3 307
3 991
3 22
3 407
3 1262
3 1352
3 247
3 628
3 605
3 993
3 162
3 401
3 578
3 350
3 921
3 924
3 1178
3 272
3 164
3 489
3 569
3 1305
3 999
3 577
3 159
3 665
3 1302
3 886
3 860
3 56
3 487
3 1292
3 849
3 179
3 310
3 685
3 767
3 12
3 1149
3 586
3 268
3 536
3 969
3 139
3 54
3 1110
3 468
3 587
3 538
3 168
3 193
3 19
3 877
3 279
3 547
3 865
3 88
3 1066
3 809
3 1296
3 1231
3 95
3 1345
3 326
3 603
3 1344
3 297
3 1390
3 899
3 1201
3 124
3 1177
3 446
3 355
3 302
3 1096
3 593
3 582
3 1356
3 431
3 428
3 1100
3 480
3 82
3 336
3 72
3 1361
3 1111
3 188
3 182
3 1350
3 314
3 813
3 91
3 492
3 1184
3 552
3 540
3 1219
3 686
3 715
3 656
3 811
3 163
3 907
3 465
3 1148
3 228
3 518
3 1346
3 225
3 695
3 1270
3 1336
3 356
3 205
3 105
3 918
3 296
3 495
3 486
3 1029
3 1250
3 714
3 1061
3 87
3 859
3 657
3 620
3 275
3 1248
3 1351
3 189
3 100
3 1335
3 997
3 216
3 359
3 68
3 1027
3 261
3 1245
3 173
3 17
3 916
3 1354
3 30
3 259
3 1153
3 1008
3 293
3 69
3 1379
3 263
3 968
3 746
3 169
3 888
3 756
3 1101
3 1199
3 604
3 92
3 1238
3 1362
3 28
3 43
3 463
3 1003
3 814
3 204
3 975
3 943
3 719
3 876
3 57
3 1240
3 1295
3 304
3 621
3 1303
3 1315
3 1294
3 1077
3 1244
3 300
3 1194
3 375
3 573
3 262
3 292
3 870
3 317
3 718
3 452
3 252
3 1212
3 974
3 711
3 131
3 1380
3 1375
3 588
3 174
3 1202
3 466
3 476
3 1047
3 1072
3 1209
3 1313
4 1078
4 1222
4 668
4 775
4 197
4 1191
4 579
4 267
4 1221
4 53
4 1236
4 139
4 268
4 9
4 1273
4 342
4 269
4 666
4 208
4 112
4 1309
4 530
4 1264
4 504
4 1082
4 61
4 653
4 992
4 1282
4 1256
4 971
4 270
4 1253
4 339
4 1377
4 407
4 1229
4 228
4 1040
4 299
4 808
4 1006
4 608
4 1181
4 315
4 73
4 79
4 456
4 1381
4 298
4 149
4 193
4 993
4 1081
4 189
4 27
4 664
4 1111
4 809
4 660
4 657
4 663
4 33
4 1076
4 25
4 7
4 272
4 1302
4 1395
4 186
4 165
4 604
4 519
4 917
4 417
4 776
4 88
4 319
4 721
4 408
4 540
4 370
4 63
4 114
4 1281
4 861
4 80
4 160
4 1107
4 959
4 413
4 402
4 537
4 625
4 487
4 689
4 1391
4 1300
4 1212
4 912
4 371
4 965
4 670
4 470
4 690
4 566
4 1218
4 1207
4 346
4 395
4 1355
4 710
4 892
4 536
4 332
4 117
4 343
4 297
4 680
4 54
4 1367
4 630
4 182
4 347
4 373
4 89
4 151
4 1258
4 20
4 1159
4 129
4 1194
4 261
4 19
4 190
4 1254
4 467
4 964
4 1263
4 799
4 37
4 500
4 1048
4 316
4 1394
4 661
4 584
4 541
4 423
4 826
4 671
4 120
4 1074
4 43
4 626
4 403
4 174
4 1198
4 372
4 1364
4 703
4 1211
4 134
4 184
4 675
4 1368
4 188
4 26
4 128
4 18
4 187
4 1153
4 574
4 723
4 416
4 179
4 1239
4 1179
4 793
4 428
4 252
4 535
4 94
4 1351
4 97
4 447
4 1284
4 554
4 55
4 115
4 816
4 318
4 76
4 1378
4 1215
4 610
4 257
4 784
4 872
4 472
4 93
4 564
4 1042
4 50
4 1007
4 1080
4 607
4 2
4 794
4 815
4 874
4 975
4 1228
4 194
4 449
4 956
4 266
4 473
4 223
4 96
4 199
4 1224
4 137
4 238
4 947
4 396
4 361
4 567
4 531
4 380
4 798
4 714
4 1066
4 1295
4 649
4 1307
4 420
4 667
4 1260
4 490
4 1052
4 273
4 873
4 1105
4 970
4 205
4 996
4 601
4 254
4 226
4 899
4 659
4 581
4 572
4 746
4 1152
4 437
4 123
4 972
4 247
4 1232
4 212
4 304
4 941
4 712
4 987
4 1188
4 141
4 1044
4 240
4 294
4 1165
4 328
4 443
4 1392
4 662
4 218
4 404
4 133
4 1238
4 1214
4 431
4 774
4 278
4 481
4 331
4 363
4 23
4 224
4 296
4 435
4 1361
4 930
4 329
4 375
4 348
4 201
4 565
4 563
4 282
4 1244
4 966
4 1371
4 1010
4 780
4 192
4 597
4 458
4 1234
4 1324
4 694
4 505
4 685
4 1313
4 646
4 754
4 949
4 255
4 763
4 450
4 441
4 433
4 1247
4 979
4 1233
4 491
4 580
4 1326
4 1349
4 557
4 1249
4 251
4 512
4 236
4 786
4 349
4 853
4 1143
4 629
4 599
4 806
4 1189
4 351
4 167
4 915
4 812
4 1184
4 974
4 515
4 99
4 125
4 497
4 729
4 1132
4 919
4 397
4 168
4 1154
4 550
4 286
4 1075
4 280
4 1245
4 148
4 60
4 1341
4 306
4 1030
4 1118
4 452
4 49
4 521
4 623
4 1257
4 967
4 665
4 1085
4 713
4 28
4 583
4 801
4 1129
4 981
4 587
4 333
4 634
4 135
4 571
4 1243
4 322
4 8
4 217
4 1354
4 1292
4 1242
4 759
4 434
4 1304
4 1353
4 900
4 1110
4 484
4 305
4 1180
4 124
4 225
4 1375
4 878
4 1064
4 1130
4 145
4 1356
4 1197
4 696
4 191
4 244
4 22
4 838
4 131
4 534
4 1144
4 494
4 593
4 353
4 338
4 1186
4 326
4 962
4 1126
4 234
4 1259
4 562
4 132
4 1133
4 1004
4 928
4 807
4 1073
4 846
4 1226
4 70
4 1205
4 34
4 522
4 1072
4 1386
4 614
4 324
4 1032
4 5
4 1261
4 104
4 509
4 314
4 1018
4 787
4 529
4 262
4 1360
4 448
4 701
4 738
4 783
4 498
4 903
4 926
4 196
4 1322
4 1274
4 672
4 200
4 828
4 1255
4 1000
4 977
4 1046
4 312
4 676
4 1195
4 1319
4 1009
4 466
4 87
4 1310
4 555
4 103
4 1109
4 811
4 606
4 788
4 1147
4 503
4 302
4 439
4 242
4 1220
4 1002
4 576
4 998
4 1339
4 352
4 82
4 4
4 637
4 592
4 1051
4 687
4 310
4 1235
4 718
4 796
4 789
4 514
4 1193
4 220
4 1328
4 173
4 1352
4 245
4 1204
4 486
4 697
4 321
4 757
4 146
4 462
4 40
4 1248
4 1151
4 202
4 229
4 85
4 704
4 122
4 442
4 600
4 953
4 1337
4 797
4 706
4 999
4 636
4 909
4 1098
4 1172
4 1265
4 379
4 464
4 709
4 119
4 293
4 204
4 1043
4 147
4 1142
4 766
4 1338
4 74
4 300
4 64
4 1278
4 62
4 21
4 253
4 105
4 545
4 715
4 756
4 1311
4 1321
4 1227
4 548
4 648
4 17
4 108
4 844
4 758
4 288
4 800
4 1277
4 45
4 1251
4 790
4 737
4 688
4 805
4 337
4 802
4 162
4 84
4 950
4 613
4 749
4 11
4 851
4 1164
4 1062
4 454
4 44
4 81
4 340
4 181
4 210
4 47
4 495
4 169
4 933
4 1213
4 57
4 940
4 991
4 770
4 1289
4 1149
4 59
4 3
4 1270
4 895
4 1388
4 406
4 655
4 849
4 982
4 56
4 398
4 868
4 1031
4 589
4 633
4 152
4 230
4 469
4 1106
4 166
4 1013
4 748
4 258
4 785
4 678
4 440
4 1108
4 605
4 1083
4 1137
4 570
4 68
4 1047
4 1115
4 138
4 611
4 803
4 686
4 159
4 695
4 907
4 1138
4 383
4 833
4 239
4 98
4 850
4 389
4 927
4 430
4 1116
4 1182
4 1237
4 474
4 207
4 309
4 118
4 1382
4 172
4 1117
4 235
4 823
4 736
4 924
4 1139
4 360
4 171
4 1094
4 216
4 650
4 896
4 222
4 1166
4 582
4 183
4 781
4 596
4 997
4 1216
4 14
4 641
4 1342
4 894
4 335
4 459
4 1192
4 48
4 232
4 990
4 865
4 1206
4 1167
4 493
4 708
4 683
4 852
4 825
4 1288
4 973
4 303
4 942
4 445
4 185
4 827
4 52
4 857
4 457
4 1171
4 345
4 946
4 1145
4 362
4 415
4 1104
4 693
4 401
4 526
4 951
4 1091
4 1279
4 1001
4 1320
4 546
4 1318
4 621
4 6
4 559
4 444
4 936
4 1362
4 751
4 136
4 1084
4 1177
4 1305
4 16
4 573
4 24
4 39
4 1250
4 518
4 929
4 677
4 908
4 602
4 577
4 523
4 814
4 1100
4 1275
4 1210
4 1374
4 285
4 730
4 923
4 506
4 311
4 1157
4 65
4 1096
4 1329
4 1294
4 590
4 121
4 480
4 130
4 976
4 161
4 669
4 773
4 150
4 569
4 412
4 1223
4 1209
4 792
4 393
4 1390
4 58
4 520
4 1187
4 377
4 847
4 513
4 651
4 952
4 198
4 290
4 1093
4 1121
4 1262
4 175
4 1174
4 1323
4 248
4 994
4 206
4 692
4 901
4 496
4 274
4 791
4 856
4 1287
4 1034
4 227
4 1272
4 511
4 483
4 213
4 1315
4 1017
4 870
4 1068
4 69
4 341
4 102
4 164
4 203
4 75
4 317
4 369
4 771
4 110
4 984
4 612
4 779
4 568
4 897
4 867
4 922
4 156
4 1088
4 427
4 1173
4 211
4 904
4 421
4 1301
4 1241
4 386
4 488
4 983
4 78
4 1155
4 542
4 782
4 769
4 95
4 1225
4 367
4 477
4 1347
4 883
4 1317
4 1057
4 622
4 762
4 943
4 1297
4 468
4 350
4 517
4 391
4 1
4 1330
4 1373
4 658
4 921
4 368
4 905
4 195
4 527
4 394
4 374
4 1097
4 144
4 1325
4 308
4 388
4 1008
4 35
4 460
4 645
4 158
4 734
4 1240
4 307
4 869
4 925
4 1363
4 575
4 1131
4 1231
4 656
4 1203
4 588
4 733
4 1114
4 755
4 364
4 711
4 334
4 36
4 1158
4 939
4 1070
4 595
4 700
4 1400
4 1039
4 624
4 1366
4 1200
4 1267
4 1024
4 525
4 804
4 875
4 837
4 560
4 507
4 880
4 876
4 594
4 127
4 702
4 180
4 291
4 385
4 1077
4 313
4 1065
4 1350
4 705
4 858
4 547
4 1156
4 209
4 418
4 989
4 414
4 170
4 719
4 106
4 275
4 264
4 126
4 382
4 528
4 176
4 848
4 1336
4 489
4 1357
4 10
4 410
4 177
4 539
4 42
4 1092
4 684
4 259
4 243
4 556
4 325
4 376
4 92
4 1095
4 1069
4 598
4 652
4 673
4 1061
4 1140
4 1283
4 1169
4 277
4 86
4 41
4 822
4 727
4 109
4 913
4 178
4 482
4 231
4 1399
4 38
4 1387
4 1268
4 455
4 544
4 465
4 881
4 287
4 260
4 739
4 344
4 142
4 265
4 1393
4 116
4 538
4 356
4 910
4 387
4 820
4 355
4 920
4 902
4 549
4 1296
4 674
4 889
4 918
4 772
4 1280
4 1344
4 1230
4 628
4 411
4 1369
4 954
4 1099
4 681
4 214
4 422
4 1331
4 1128
4 945
4 860
4 516
4 887
4 256
4 1183
4 818
4 233
4 948
4 1396
4 1290
4 101
4 354
4 292
4 1316
4 682
4 638
4 249
4 533
4 1246
4 46
4 77
4 1312
4 1196
4 988
4 453
4 359
4 143
4 1190
4 916
4 843
4 30
4 884
4 1112
4 390
4 795
4 753
4 765
4 1035
4 330
4 963
4 615
4 1306
4 283
4 365
4 51
4 485
4 366
4 1003
4 1148
4 632
4 543
4 961
4 1217
4 679
4 620
4 1370
4 241
4 618
4 381
4 859
4 475
4 760
4 91
4 1163
4 603
4 839
4 906
4 1014
4 635
4 980
4 1372
4 1202
4 1346
4 378
4 83
4 323
4 707
4 553
4 986
4 1124
4 1266
4 1141
4 29
4 461
4 501
4 691
4 276
4 237
4 591
4 1086
4 358
4 934
4 426
4 1113
4 764
4 750
4 219
4 295
4 221
4 578
4 1380
4 561
4 1119
4 100
4 1269
4 66
4 1365
4 327
4 944
4 1335
4 1271
4 499
4 1379
4 1019
4 140
4 1201
4 960
4 1334
4 817
4 1385
4 1332
4 627
4 1383
4 155
4 508
4 1303
4 985
4 699
4 72
4 163
4 157
4 1343
4 1252
4 767
4 289
5 738
5 4
5 382
5 472
5 325
5 231
5 461
5 292
5 1192
5 242
5 629
5 3
5 376
5 458
5 232
5 491
5 1225
5 111
5 981
5 339
5 479
5 527
5 336
5 843
5 395
5 248
5 16
5 1301
5 1302
5 457
5 378
5 1149
5 1182
5 321
5 375
5 460
5 1281
5 1384
5 1006
5 1246
5 745
5 266
5 556
5 1242
5 899
5 977
5 1394
5 294
5 93
5 322
5 54
5 1224
5 1076
5 493
5 135
5 1388
5 1375
5 261
5 1241
5 1355
5 637
5 1023
5 1374
5 23
5 192
5 2
5 155
5 585
5 406
5 1261
5 664
5 671
5 307
5 959
5 92
5 704
5 404
5 309
5 1228
5 889
5 1317
5 349
5 73
5 498
5 945
5 677
5 475
5 788
5 562
5 459
5 784
5 72
5 158
5 1260
5 1383
5 17
5 559
5 1366
5 1183
5 1386
5 323
5 1280
5 240
5 9
5 1135
5 539
5 540
5 55
5 241
5 435
5 837
5 1062
5 304
5 1387
5 127
5 762
5 105
5 1365
5 1278
5 1382
5 530
5 1100
5 1385
5 287
5 798
5 91
5 734
5 326
5 193
5 1148
5 538
5 1051
5 142
5 279
5 128
5 335
5 579
5 912
5 306
5 1043
5 754
5 676
5 730
5 632
5 1078
5 1364
5 771
5 786
5 587
5 1009
5 21
5 399
5 238
5 134
5 145
5 1005
5 148
5 318
5 546
5 833
5 86
5 313
5 507
5 49
5 1180
5 150
5 1154
5 1262
5 366
5 324
5 630
5 1253
5 383
5 1106
5 425
5 610
5 1185
5 543
5 377
5 1237
5 1213
5 180
5 470
5 1248
5 337
5 1088
5 537
5 203
5 389
5 1141
5 194
5 652
5 81
5 789
5 381
5 775
5 1377
5 689
5 1215
5 1294
5 71
5 300
5 504
5 662
5 933
5 341
5 87
5 1370
5 1275
5 691
5 191
5 659
5 1109
5 221
5 1220
5 569
5 24
5 63
5 684
5 1112
5 433
5 1268
5 1257
5 1376
5 14
5 1222
5 869
5 1055
5 701
5 344
5 1022
5 909
5 802
5 133
5 661
5 1323
5 1233
5 641
5 107
5 1056
5 36
5 586
5 280
5 34
5 927
5 836
5 1300
5 648
5 606
5 98
5 489
5 547
5 1273
5 149
5 310
5 410
5 896
5 333
5 364
5 1019
5 59
5 853
5 153
5 1263
5 271
5 980
5 950
5 474
5 342
5 329
5 860
5 1390
5 1034
5 1072
5 1235
5 568
5 1087
5 363
5 32
5 256
5 1272
5 1063
5 921
5 1293
5 267
5 1198
5 397
5 1234
5 567
5 50
5 234
5 992
5 1240
5 1381
5 1311
5 901
5 552
5 255
5 348
5 207
5 445
5 101
5 940
5 249
5 563
5 724
5 1335
5 52
5 966
5 774
5 1312
5 1080
5 1025
5 147
5 839
5 732
5 168
5 928
5 320
5 526
5 565
5 851
5 189
5 570
5 454
5 358
5 1108
5 409
5 334
5 487
5 700
5 1138
5 1289
5 1071
5 781
5 44
5 85
5 187
5 418
5 557
5 278
5 1110
5 960
5 779
5 1212
5 25
5 89
5 572
5 94
5 1020
5 1295
5 1039
5 967
5 770
5 468
5 365
5 1084
5 580
5 1254
5 1313
5 443
5 160
5 814
5 1342
5 355
5 622
5 1123
5 750
5 328
5 522
5 190
5 235
5 350
5 687
5 352
5 494
5 1298
5 672
5 1041
5 731
5 298
5 62
5 305
5 257
5 30
5 611
5 655
5 962
5 941
5 416
5 965
5 1155
5 421
5 542
5 767
5 1210
5 70
5 1221
5 413
5 1392
5 574
5 170
5 987
5 503
5 29
5 528
5 1012
5 1226
5 163
5 254
5 1024
5 873
5 733
5 996
5 387
5 1113
5 161
5 126
5 1361
5 340
5 635
5 554
5 393
5 37
5 932
5 308
5 97
5 919
5 1393
5 1367
5 988
5 417
5 1372
5 299
5 283
5 315
5 1199
5 943
5 1339
5 787
5 351
5 842
5 1127
5 117
5 1362
5 1124
5 1322
5 380
5 1217
5 346
5 1061
5 906
5 1264
5 345
5 561
5 1016
5 1324
5 855
5 347
5 551
5 870
5 391
5 1081
5 1219
5 359
5 53
5 525
5 39
5 374
5 260
5 495
5 553
5 477
5 1244
5 1053
5 805
5 422
5 548
5 1251
5 1329
5 653
5 181
5 481
5 944
5 1143
5 74
5 1054
5 1086
5 206
5 1209
5 529
5 607
5 698
5 1223
5 1250
5 534
5 57
5 640
5 863
5 455
5 699
5 297
5 368
5 1047
5 1325
5 246
5 772
5 188
5 106
5 7
5 327
5 1021
5 535
5 157
5 564
5 872
5 228
5 1200
5 439
5 169
5 518
5 667
5 832
5 866
5 211
5 140
5 1334
5 577
5 831
5 272
5 573
5 818
5 5
5 917
5 343
5 485
5 666
5 1332
5 1013
5 1032
5 982
5 777
5 1083
5 938
5 1256
5 6
5 179
5 1205
5 1158
5 824
5 45
5 165
5 441
5 1190
5 264
5 43
5 1151
5 1029
5 920
5 216
5 978
5 878
5 599
5 646
5 722
5 812
5 783
5 372
5 806
5 1368
5 11
5 600
5 550
5 811
5 952
5 1214
5 828
5 124
5 314
5 484
5 985
5 1282
5 488
5 1287
5 657
5 282
5 727
5 849
5 848
5 1126
5 782
5 785
5 291
5 604
5 152
5 892
5 48
5 217
5 1371
5 115
5 746
5 42
5 84
5 301
5 1003
5 316
5 1304
5 1018
5 467
5 555
5 131
5 311
5 515
5 76
5 1107
5 482
5 1193
5 121
5 205
5 56
5 118
5 369
5 96
5 850
5 668
5 1000
5 331
5 1389
5 544
5 1075
5 822
5 204
5 1395
5 13
5 1309
5 854
5 696
5 212
5 499
5 923
5 213
5 1188
5 924
5 1328
5 1042
5 502
5 1184
5 236
5 827
5 1068
5 830
5 478
5 678
5 159
5 1283
5 138
5 560
5 95
5 453
5 270
5 1252
5 259
5 1397
5 1378
5 902
5 293
5 748
5 763
5 979
5 209
5 1007
5 523
5 1159
5 961
5 444
5 801
5 1333
5 1303
5 645
5 934
5 1307
5 949
5 263
5 295
5 576
5 1206
5 601
5 388
5 1379
5 1265
5 162
5 75
5 1331
5 226
5 1290
5 208
5 1216
5 151
5 1356
5 113
5 983
5 1156
5 1128
5 28
5 449
5 1351
5 269
5 633
5 697
5 276
5 1245
5 1017
5 1026
5 275
5 1343
5 110
5 644
5 891
5 623
5 764
5 60
5 665
5 243
5 1321
5 237
5 1201
5 974
5 289
5 1202
5 973
5 625
5 80
5 964
5 739
5 616
5 185
5 1195
5 1207
5 1119
5 398
5 465
5 186
5 373
5 1286
5 27
5 595
5 1040
5 199
5 654
5 1099
5 1348
5 752
5 1194
5 262
5 1048
5 451
5 897
5 761
5 823
5 273
5 658
5 1236
5 244
5 250
5 247
5 968
5 227
5 1010
5 15
5 721
5 651
5 198
5 1396
5 614
5 794
5 1103
5 69
5 578
5 674
5 332
5 1181
5 1132
5 593
5 394
5 867
5 829
5 930
5 680
5 861
5 686
5 1258
5 401
5 533
5 35
5 1398
5 171
5 1175
5 317
5 296
5 1341
5 558
5 868
5 760
5 225
5 1347
5 1137
5 1204
5 1316
5 1066
5 710
5 476
5 22
5 222
5 284
5 1196
5 663
5 929
5 1142
5 462
5 99
5 26
5 976
5 588
5 1211
5 385
5 125
5 1176
5 1116
5 925
5 1046
5 362
5 197
5 517
5 826
5 1037
5 258
5 1391
5 480
5 357
5 628
5 122
5 1169
5 1310
5 1353
5 1031
5 506
5 963
5 338
5 769
5 736
5 132
5 166
5 1122
5 353
5 1330
5 773
5 265
5 682
5 703
5 452
5 1229
5 1306
5 172
5 990
5 442
5 660
5 1173
5 274
5 835
5 33
5 1274
5 582
5 536
5 1189
5 583
5 429
5 12
5 58
5 605
5 1319
5 1338
5 1255
5 109
5 951
5 51
5 935
5 613
5 1157
5 40
5 615
5 201
5 723
5 997
5 1
5 584
5 112
5 948
5 1179
5 1030
5 521
5 621
5 1161
5 64
5 1133
5 926
5 88
5 590
5 627
5 407
5 8
5 268
5 303
5 220
5 706
5 47
5 65
5 119
5 424
5 156
5 792
5 575
5 379
5 880
5 1014
5 427
5 277
5 1187
5 281
5 656
5 1049
5 1015
5 813
5 683
5 1346
5 473
5 79
5 939
5 972
5 354
5 68
5 989
5 796
5 1027
5 1167
5 184
5 602
5 500
5 1197
5 918
5 233
5 83
5 1266
5 790
5 609
5 1074
5 1288
5 759
5 650
5 432
5 1354
5 608
5 103
5 1008
5 1239
5 705
5 1172
5 986
5 626
5 505
5 1089
5 182
5 1002
5 285
5 61
5 1036
5 753
5 1191
5 18
5 434
5 492
5 384
5 1279
5 146
5 463
5 367
5 908
5 214
5 1092
5 903
5 1238
5 154
5 758
5 778
5 1011
5 914
5 1065
5 999
5 173
5 78
5 1059
5 545
5 1231
5 210
5 864
5 456
5 183
5 720
5 810
5 104
5 486
5 910
5 123
5 799
5 90
5 1028
5 998
5 1271
5 808
5 1314
5 636
5 1296
5 411
5 541
5 361
5 1284
5 904
5 1150
5 532
5 1120
5 1147
5 886
5 464
5 712
5 448
5 1315
5 167
5 130
5 1097
5 129
5 245
5 900
5 957
5 695
5 634
5 1360
5 1380
5 685
5 46
5 1259
5 440
5 887
5 571
5 624
5 520
5 679
5 803
5 230
5 1104
5 845
5 392
5 450
5 1299
5 1134
5 531
5 690
5 726
5 200
5 744
5 984
5 510
5 859
5 219
5 1129
5 911
5 386
5 390
5 1400
5 1052
5 937
5 852
5 414
5 620
5 1004
5 1230
5 749
5 1320
5 936
5 144
5 19
5 757
5 490
5 717
5 164
5 108
5 1345
5 793
5 1326
5 740
5 1035
5 1344
5 715
5 1232
5 174
5 669
5 371
5 288
5 1082
5 430
5 1125
5 496
5 840
5 1267
5 975
5 1349
5 514
5 707
5 1136
5 1139
5 675
5 1352
5 82
5 857
5 858
5 947
5 797
5 756
5 1249
5 239
5 360
5 420
5 751
5 592
5 370
5 1153
5 38
5 1203
5 196
5 469
5 116
5 766
5 428
5 466
5 1186
5 1297
5 356
5 820
5 549
5 1144
5 1160
5 612
5 195
5 922
5 1105
5 319
5 649
5 1165
5 643
5 1073
5 916
5 795
5 1291
5 175
5 1270
5 895
5 483
5 719
5 312
5 423
5 102
5 1292
5 970
5 942
5 224
5 915
5 501
5 597
5 591
5 426
5 993
5 511
5 1227
5 688
5 714
5 120
5 1269
5 1085
5 415
5 991
5 1318
5 589
5 994
5 176
5 800
5 1373
5 402
5 817
5 508
5 702
5 693
5 1093
5 907
5 1247
5 1336
5 894
5 177
5 825
5 252
5 1064
5 692
5 1164
5 229
5 1166
5 603
5 1277
5 856
6 1366
6 3
6 1386
6 1225
6 62
6 55
6 292
6 435
6 73
6 754
6 4
6 194
6 378
6 49
6 388
6 1005
6 1227
6 559
6 1182
6 1056
6 579
6 1281
6 406
6 458
6 376
6 404
6 833
6 966
6 395
6 851
6 652
6 94
6 54
6 528
6 382
6 1301
6 336
6 527
6 787
6 369
6 730
6 1370
6 11
6 1375
6 1382
6 240
6 784
6 539
6 653
6 1224
6 321
6 1183
6 977
6 540
6 637
6 1371
6 839
6 323
6 498
6 23
6 836
6 460
6 662
6 226
6 231
6 347
6 2
6 569
6 538
6 36
6 133
6 128
6 1355
6 135
6 1311
6 704
6 241
6 278
6 461
6 676
6 632
6 1228
6 587
6 798
6 556
6 326
6 962
6 984
6 1084
6 474
6 1323
6 375
6 1221
6 762
6 221
6 507
6 814
6 1192
6 248
6 586
6 101
6 1010
6 475
6 1245
6 492
6 489
6 389
6 1076
6 1051
6 266
6 105
6 81
6 1242
6 775
6 610
6 691
6 16
6 59
6 17
6 736
6 1233
6 145
6 87
6 580
6 738
6 1149
6 1302
6 310
6 1376
6 562
6 672
6 1109
6 300
6 664
6 1283
6 307
6 155
6 454
6 983
6 318
6 98
6 1180
6 978
6 933
6 249
6 689
6 181
6 201
6 945
6 324
6 906
6 304
6 1261
6 153
6 641
6 1100
6 680
6 630
6 629
6 779
6 472
6 661
6 1293
6 206
6 1234
6 701
6 1383
6 1145
6 453
6 470
6 445
6 1304
6 967
6 50
6 52
6 74
6 467
6 86
6 364
6 115
6 242
6 684
6 352
6 990
6 1124
6 1231
6 1009
6 44
6 663
6 837
6 1198
6 607
6 1365
6 1108
6 1294
6 891
6 980
6 1289
6 1379
6 13
6 1083
6 148
6 1222
6 97
6 925
6 142
6 574
6 781
6 1226
6 828
6 572
6 671
6 987
6 398
6 941
6 1184
6 228
6 368
6 523
6 959
6 487
6 863
6 342
6 557
6 1241
6 1334
6 322
6 350
6 1197
6 1287
6 1185
6 494
6 734
6 257
6 789
6 349
6 1384
6 65
6 700
6 655
6 1141
6 1342
6 397
6 1133
6 189
6 1329
6 1254
6 261
6 1381
6 383
6 193
6 14
6 1047
6 287
6 875
6 996
6 131
6 1080
6 422
6 147
6 1394
6 459
6 325
6 1212
6 565
6 1235
6 159
6 873
6 348
6 1246
6 387
6 234
6 1361
6 1156
6 56
6 1110
6 938
6 1260
6 554
6 1390
6 35
6 21
6 122
6 187
6 932
6 1393
6 1054
6 831
6 1367
6 418
6 207
6 134
6 896
6 1039
6 320
6 1072
6 413
6 1003
6 149
6 270
6 717
6 351
6 385
6 186
6 783
6 1362
6 772
6 380
6 363
6 940
6 495
6 1151
6 99
6 788
6 1303
6 522
6 561
6 409
6 89
6 297
6 1125
6 203
6 298
6 733
6 377
6 479
6 1078
6 1071
6 1273
6 191
6 370
6 180
6 525
6 1219
6 457
6 281
6 9
6 294
6 46
6 1086
6 188
6 443
6 15
6 1253
6 698
6 1223
6 534
6 895
6 1063
6 1309
6 917
6 126
6 1006
6 47
6 246
6 106
6 79
6 1237
6 425
6 1023
6 1068
6 927
6 379
6 306
6 832
6 112
6 1248
6 568
6 1374
6 1021
6 107
6 687
6 1238
6 739
6 179
6 921
6 164
6 1332
6 72
6 1042
6 581
6 928
6 111
6 982
6 912
6 777
6 176
6 731
6 1256
6 1158
6 305
6 563
6 526
6 732
6 1190
6 329
6 152
6 63
6 1265
6 1053
6 1029
6 920
6 1088
6 1135
6 1040
6 408
6 109
6 1356
6 878
6 58
6 555
6 677
6 120
6 550
6 1200
6 160
6 468
6 337
6 309
6 1307
6 585
6 1295
6 551
6 849
6 262
6 1275
6 39
6 71
6 577
6 163
6 462
6 644
6 217
6 877
6 197
6 986
6 770
6 455
6 335
6 92
6 746
6 683
6 340
6 707
6 299
6 374
6 535
6 1320
6 899
6 250
6 236
6 283
6 1392
6 696
6 936
6 280
6 1216
6 1112
6 96
6 625
6 553
6 1239
6 410
6 706
6 232
6 830
6 165
6 331
6 1389
6 1208
6 1385
6 22
6 542
6 558
6 1181
6 30
6 491
6 1263
6 944
6 1055
6 633
6 1229
6 648
6 1119
6 801
6 1314
6 1201
6 782
6 1352
6 1250
6 1116
6 150
6 889
6 308
6 678
6 529
6 614
6 1278
6 488
6 1111
6 110
6 93
6 811
6 870
6 981
6 971
6 1194
6 1268
6 344
6 117
6 919
6 1339
6 140
6 943
6 264
6 748
6 606
6 27
6 1240
6 855
6 1062
6 659
6 439
6 64
6 444
6 258
6 623
6 245
6 341
6 1333
6 57
6 611
6 223
6 1257
6 699
6 127
6 1206
6 1312
6 477
6 1207
6 1331
6 536
6 173
6 1321
6 208
6 1214
6 660
6 416
6 432
6 433
6 1324
6 28
6 449
6 84
6 473
6 247
6 328
6 578
6 1148
6 271
6 583
6 367
6 1199
6 575
6 276
6 484
6 1217
6 1138
6 988
6 85
6 1325
6 497
6 792
6 243
6 599
6 1046
6 934
6 1306
6 1202
6 593
6 1220
6 1089
6 332
6 381
6 594
6 1107
6 1262
6 1188
6 519
6 198
6 547
6 174
6 985
6 277
6 852
6 346
6 514
6 1348
6 601
6 1048
6 451
6 1264
6 1279
6 658
6 1136
6 564
6 138
6 904
6 913
6 926
6 1280
6 869
6 549
6 1031
6 1137
6 333
6 537
6 588
6 1045
6 354
6 785
6 1147
6 1399
6 192
6 213
6 353
6 728
6 37
6 665
6 227
6 674
6 993
6 546
6 1173
6 45
6 935
6 334
6 952
6 1074
6 761
6 503
6 296
6 930
6 1272
6 1315
6 282
6 1310
6 979
6 533
6 1398
6 121
6 1203
6 1341
6 636
6 1372
6 760
6 60
6 423
6 1075
6 235
6 465
6 810
6 284
6 1213
6 360
6 1064
6 929
6 822
6 1106
6 1032
6 1368
6 1154
6 26
6 1377
6 567
6 897
6 1018
6 1176
6 924
6 872
6 743
6 854
6 595
6 209
6 1026
6 1037
6 119
6 1232
6 972
6 1251
6 421
6 480
6 357
6 183
6 697
6 1004
6 650
6 373
6 411
6 38
6 827
6 963
6 892
6 949
6 1195
6 675
6 769
6 417
6 1081
6 1022
6 576
6 1057
6 545
6 703
6 339
6 366
6 205
6 735
6 442
6 763
6 285
6 76
6 1079
6 499
6 481
6 835
6 33
6 43
6 254
6 504
6 686
6 740
6 429
6 1230
6 1002
6 600
6 602
6 1380
6 1204
6 1338
6 901
6 1255
6 1117
6 808
6 951
6 222
6 185
6 1209
6 1364
6 626
6 973
6 10
6 1244
6 1011
6 992
6 721
6 649
6 720
6 7
6 605
6 603
6 502
6 1000
6 560
6 1327
6 1179
6 612
6 1030
6 521
6 1282
6 1058
6 190
6 1161
6 1322
6 88
6 269
6 590
6 327
6 627
6 407
6 541
6 997
6 1114
6 268
6 260
6 794
6 1169
6 144
6 1210
6 570
6 657
6 1274
6 25
6 255
6 880
6 508
6 1014
6 1134
6 656
6 1396
6 401
6 78
6 289
6 1049
6 724
6 1319
6 1330
6 427
6 1187
6 1041
6 216
6 970
6 758
6 624
6 355
6 829
6 667
6 493
6 1166
6 975
6 172
6 817
6 452
6 1298
6 1122
6 756
6 976
6 694
6 900
6 1300
6 68
6 1290
6 989
6 314
6 1027
6 184
6 500
6 515
6 692
6 19
6 846
6 359
6 918
6 725
6 233
6 994
6 1266
6 745
6 1157
6 543
6 773
6 1284
6 1129
6 805
6 91
6 312
6 609
6 196
6 212
6 1335
6 710
6 902
6 955
6 974
6 1258
6 968
6 1326
6 1171
6 957
6 103
6 1285
6 826
6 1044
6 513
6 399
6 838
6 705
6 960
6 552
6 414
6 259
6 818
6 1193
6 204
6 1165
6 645
6 34
6 315
6 991
6 961
6 195
6 764
6 486
6 753
6 362
6 430
6 1143
6 311
6 384
6 1019
6 146
6 463
6 908
6 214
6 124
6 391
6 1267
6 1012
6 456
6 1008
6 750
6 154
6 778
6 922
6 1066
6 890
6 1065
6 431
6 118
6 1015
6 263
6 566
6 75
6 640
6 864
6 1061
6 372
6 909
6 910
6 1343
6 1043
6 695
6 290
6 291
6 1097
6 123
6 267
6 998
6 1292
6 365
6 42
6 584
6 170
6 518
6 774
6 1104
6 6
6 1296
6 844
6 825
6 1052
6 1128
6 230
6 139
6 646
6 907
6 809
6 937
6 1070
6 361
6 1391
6 1150
6 532
6 338
6 1271
6 419
6 424
6 1378
6 211
6 1120
6 939
6 860
6 886
6 948
6 464
6 592
6 220
6 722
6 167
6 130
6 1090
6 666
6 239
6 634
6 1360
6 861
6 1082
6 440
6 1215
6 393
6 887
6 175
6 29
6 723
6 571
6 876
6 274
6 757
6 1249
6 843
6 1059
6 651
6 803
6 95
6 1354
6 356
6 1313
6 279
6 18
6 1139
6 1347
6 845
6 114
6 392
6 800
6 169
6 693
6 132
6 70
6 1
6 1036
6 293
6 100
6 726
6 200
6 744
6 199
6 1259
6 946
6 510
6 12
6 1103
6 162
6 1387
6 219
6 911
6 954
6 386
6 48
6 390
6 1400
6 1007
6 116
6 857
6 1349
6 616
6 749
6 915
6 80
6 1276
6 1277
6 244
6 1033
6 490
6 1087
6 108
6 394
6 1132
6 273
6 1144
6 1345
6 1013
6 874
6 690
6 591
6 793
6 358
6 786
6 903
6 1351
6 1035
6 166
6 867
6 715
6 669
6 371
6 288
6 448
6 688
6 157
6 1353
6 840
6 815
6 466
6 965
6 765
6 714
6 51
6 225
6 32
6 1252
6 1270
6 1130
6 530
6 313
6 1336
6 317
6 894
6 1236
6 806
6 415
6 83
6 82
6 1205
6 1350
6 1189
6 947
6 797
6 767
6 420
6 848
6 573
6 751
6 1127
6 1153
6 496
6 771
6 604
6 1142
6 1067
6 544
6 210
6 791
6 441
6 631
6 53
6 635
6 469
6 847
6 265
6 673
6 426
6 428
6 685
6 1186
6 1126
6 1297
6 820
6 681
6 476
6 654
6 1159
6 802
6 1344
6 1160
6 141
6 1155
6 1191
6 727
6 1105
6 1118
6 319
6 531
6 168
6 964
6 807
6 1001
6 799
6 345
6 1093
6 682
6 403
6 450
6 1247
6 905
6 177
6 1073
6 916
6 161
6 956
6 215
6 302
6 1131
6 795
6 252
6 766
6 61
6 1291
6 485
6 1091
6 893
6 589
6 483
6 506
6 679
6 719
6 729
6 20
6 102
6 804
6 1092
6 942
6 316
6 224
6 1172
6 1034
6 668
6 501
6 597
6 237
6 856
6 303
6 511
6 1328
6 295
6 858
6 1269
6 1085
6 125
6 1288
6 608
6 182
6 1318
6 171
6 1373
6 402
6 69
6 1175
6 77
6 859
6 702
6 1024
6 24
6 1164
6 229
7 1400
7 1398
7 1130
7 1399
7 419
7 1358
7 1357
7 1397
7 888
7 1070
7 400
7 1396
7 1178
7 393
7 1359
7 1116
7 1121
7 1176
7 412
7 886
7 1037
7 838
7 1293
7 1387
7 887
7 3
7 4
7 664
7 389
7 1050
7 388
7 659
7 1177
7 1129
7 66
7 180
7 418
7 862
7 1048
7 915
7 1132
7 739
7 957
7 1133
7 729
7 1146
7 863
7 741
7 484
7 642
7 1013
7 1360
7 1173
7 932
7 826
7 943
7 15
7 1107
7 1244
7 398
7 1251
7 761
7 31
7 760
7 1131
7 885
7 1119
7 820
7 864
7 769
7 897
7 65
7 109
7 737
7 1174
7 257
7 2
7 736
7 827
7 1053
7 956
7 1370
7 644
7 611
7 740
7 929
7 1126
7 324
7 857
7 1060
7 1172
7 1127
7 1052
7 928
7 1392
7 831
7 1042
7 822
7 104
7 1031
7 940
7 260
7 1017
7 823
7 1106
7 1055
7 98
7 858
7 733
7 1122
7 453
7 1120
7 763
7 766
7 1117
7 629
7 1067
7 1023
7 1008
7 116
7 9
7 13
7 935
7 744
7 730
7 425
7 89
7 165
7 854
7 660
7 1363
7 889
7 1022
7 424
7 308
7 135
7 1035
7 1302
7 306
7 1123
7 937
7 1026
7 255
7 951
7 1029
7 894
7 647
7 891
7 50
7 663
7 825
7 830
7 856
7 1282
7 408
7 1014
7 824
7 1054
7 126
7 1276
7 454
7 397
7 551
7 926
7 636
7 1068
7 1355
7 75
7 366
7 697
7 268
7 936
7 1071
7 114
7 735
7 1051
7 743
7 61
7 299
7 953
7 21
7 568
7 207
7 1190
7 88
7 1320
7 1049
7 1030
7 155
7 1227
7 1237
7 1364
7 1032
7 382
7 570
7 1128
7 131
7 1012
7 1283
7 309
7 392
7 256
7 305
7 267
7 948
7 694
7 87
7 950
7 1145
7 751
7 527
7 898
7 560
7 569
7 996
7 890
7 407
7 1200
7 538
7 641
7 1015
7 571
7 563
7 452
7 631
7 970
7 1034
7 836
7 833
7 1038
7 1021
7 839
7 142
7 1056
7 145
7 23
7 960
7 365
7 1233
7 610
7 1337
7 121
7 648
7 525
7 859
7 1215
7 29
7 45
7 375
7 572
7 327
7 481
7 1393
7 861
7 971
7 372
7 550
7 22
7 16
7 517
7 808
7 171
7 837
7 1311
7 1274
7 133
7 1275
7 491
7 192
7 1319
7 226
7 1016
7 972
7 99
7 1366
7 784
7 310
7 1027
7 348
7 269
7 640
7 334
7 627
7 1367
7 187
7 843
7 391
7 96
7 329
7 1109
7 742
7 243
7 829
7 304
7 191
7 732
7 1362
7 168
7 719
7 734
7 1020
7 658
7 208
7 84
7 1214
7 712
7 765
7 41
7 1192
7 463
7 696
7 841
7 254
7 900
7 44
7 222
7 549
7 1305
7 307
7 975
7 1162
7 686
7 1353
7 1381
7 1225
7 713
7 1250
7 625
7 1155
7 552
7 381
7 442
7 720
7 339
7 1163
7 422
7 567
7 678
7 522
7 1220
7 780
7 8
7 342
7 19
7 464
7 693
7 1018
7 1354
7 1317
7 232
7 294
7 386
7 809
7 37
7 497
7 1323
7 944
7 540
7 905
7 1156
7 782
7 1072
7 959
7 1025
7 1024
7 1066
7 72
7 1019
7 1083
7 345
7 361
7 462
7 747
7 1028
7 721
7 175
7 346
7 893
7 645
7 374
7 193
7 52
7 692
7 875
7 855
7 976
7 562
7 312
7 1182
7 40
7 188
7 406
7 618
7 1386
7 689
7 1361
7 994
7 977
7 470
7 102
7 189
7 56
7 655
7 1294
7 179
7 1157
7 74
7 1194
7 1377
7 158
7 1324
7 850
7 600
7 500
7 1198
7 801
7 845
7 643
7 786
7 986
7 1271
7 73
7 1193
7 1062
7 325
7 892
7 79
7 490
7 1002
7 946
7 251
7 1081
7 34
7 1063
7 1395
7 332
7 300
7 907
7 1149
7 465
7 1253
7 129
7 899
7 1278
7 1247
7 211
7 469
7 228
7 265
7 1341
7 1352
7 788
7 1171
7 177
7 513
7 1161
7 993
7 288
7 700
7 1272
7 436
7 1322
7 1159
7 933
7 1199
7 711
7 505
7 105
7 225
7 772
7 516
7 284
7 495
7 878
7 665
7 1191
7 434
7 1074
7 486
7 662
7 62
7 1059
7 120
7 1338
7 1039
7 805
7 818
7 1082
7 1328
7 683
7 1094
7 1313
7 1078
7 1235
7 493
7 952
7 216
7 1257
7 1001
7 182
7 1164
7 233
7 25
7 1249
7 1243
7 174
7 30
7 1166
7 139
7 535
7 176
7 184
7 1231
7 261
7 1300
7 330
7 370
7 1153
7 280
7 82
7 1222
7 293
7 992
7 421
7 198
7 202
7 634
7 474
7 958
7 90
7 1211
7 1095
7 215
7 811
7 1100
7 390
7 1091
7 912
7 1065
7 287
7 128
7 1004
7 812
7 673
7 554
7 195
7 566
7 1383
7 816
7 1144
7 679
7 57
7 1
7 214
7 927
7 1303
7 197
7 1350
7 519
7 710
7 1309
7 987
7 565
7 804
7 1147
7 1075
7 1098
7 1349
7 245
7 1333
7 123
7 799
7 844
7 759
7 1093
7 1165
7 699
7 553
7 695
7 796
7 623
7 1114
7 828
7 317
7 1326
7 78
7 542
7 1325
7 651
7 170
7 314
7 205
7 1205
7 902
7 709
7 213
7 1342
7 1230
7 252
7 1343
7 199
7 1104
7 815
7 1252
7 246
7 51
7 1290
7 1213
7 1335
7 219
7 997
7 529
7 999
7 7
7 364
7 773
7 94
7 991
7 427
7 423
7 635
7 797
7 757
7 466
7 432
7 1097
7 173
7 638
7 1239
7 1373
7 274
7 212
7 1047
7 1277
7 80
7 185
7 344
7 1371
7 433
7 42
7 1092
7 272
8 400
8 1399
8 1398
8 393
8 659
8 412
8 388
8 1121
8 3
8 418
8 4
8 1400
8 664
8 1037
8 398
8 389
8 484
8 1387
8 180
8 943
8 863
8 1244
8 1008
8 864
8 419
8 65
8 109
8 826
8 1397
8 1050
8 1048
8 1251
8 647
8 1359
8 425
8 1396
8 1358
8 940
8 929
8 2
8 739
8 1357
8 324
8 733
8 1051
8 737
8 839
8 453
8 1130
8 551
8 660
8 1107
8 1106
8 888
8 1173
8 862
8 915
8 15
8 1363
8 854
8 957
8 644
8 1119
8 1031
8 1302
8 642
8 454
8 1013
8 611
8 255
8 89
8 820
8 257
8 741
8 956
8 897
8 736
8 165
8 699
8 1117
8 895
8 116
8 1146
8 397
8 932
8 1127
8 761
8 31
8 760
8 1131
8 629
8 885
8 928
8 769
8 918
8 135
8 366
8 740
8 391
8 822
8 887
8 857
8 1174
8 827
8 1123
8 306
8 131
8 889
8 1053
8 1370
8 780
8 935
8 825
8 1227
8 450
8 1177
8 1126
8 392
8 1060
8 1128
8 1392
8 1283
8 1052
8 1122
8 730
8 1178
8 1026
8 831
8 1172
8 1017
8 268
8 823
8 1055
8 953
8 538
8 856
8 98
8 563
8 1237
8 919
8 50
8 9
8 1120
8 891
8 452
8 104
8 88
8 1067
8 1320
8 704
8 1023
8 1038
8 260
8 13
8 735
8 744
8 1042
8 1233
8 672
8 1022
8 424
8 308
8 121
8 362
8 45
8 1215
8 126
8 1035
8 763
8 937
8 697
8 779
8 951
8 550
8 1029
8 16
8 663
8 517
8 925
8 1282
8 408
8 171
8 743
8 1014
8 1021
8 824
8 1054
8 1276
8 886
8 1275
8 894
8 491
8 1034
8 192
8 1355
8 142
8 960
8 365
8 329
8 1366
8 1200
8 1337
8 830
8 875
8 936
8 714
8 1071
8 1056
8 114
8 890
8 61
8 299
8 1015
8 112
8 572
8 207
8 21
8 568
8 686
8 1221
8 926
8 1049
8 1068
8 1030
8 191
8 155
8 636
8 983
8 99
8 1032
8 766
8 382
8 720
8 1063
8 570
8 1012
8 309
8 305
8 267
8 948
8 1036
8 950
8 527
8 1190
8 751
8 712
8 858
8 784
8 898
8 560
8 829
8 187
8 923
8 443
8 390
8 653
8 407
8 641
8 586
8 304
8 1250
8 631
8 422
8 1070
8 833
8 630
8 1176
8 1116
8 694
8 46
8 145
8 23
8 569
8 256
8 648
8 525
8 87
8 375
8 1088
8 732
8 1084
8 571
8 1379
8 96
8 327
8 1333
8 481
8 1145
8 861
8 838
8 970
8 996
8 22
8 762
8 1083
8 859
8 1047
8 223
8 782
8 281
8 837
8 1311
8 836
8 226
8 924
8 29
8 1016
8 1342
8 385
8 1383
8 523
8 181
8 1182
8 610
8 607
8 406
8 624
8 594
8 310
8 684
8 1027
8 348
8 269
8 976
8 1111
8 798
8 1303
8 843
8 230
8 1329
8 1132
8 1109
8 742
8 1393
8 1364
8 906
8 470
8 1198
8 1125
8 728
8 1362
8 168
8 719
8 734
8 229
8 1020
8 133
8 208
8 1202
8 461
8 1239
8 1214
8 765
8 41
8 972
8 828
8 228
8 1314
8 206
8 1234
8 549
8 334
8 159
8 254
8 1057
8 900
8 933
8 1079
8 105
8 1287
8 1133
8 307
8 577
8 1225
8 1183
8 119
8 896
8 1301
8 1235
8 1327
8 270
8 1058
8 557
8 1078
8 706
8 35
8 678
8 360
8 1041
8 1110
8 1018
8 176
8 556
8 754
8 489
8 186
8 1245
8 386
8 467
8 792
8 515
8 944
8 725
8 1181
8 1025
8 1024
8 971
8 811
8 462
8 1334
8 345
8 367
8 361
8 190
8 817
8 1044
8 1273
8 852
8 808
8 439
8 649
8 128
8 658
8 1028
8 721
8 368
8 195
8 1295
8 1197
8 346
8 1284
8 645
8 696
8 52
8 579
8 97
8 1154
8 1321
8 562
8 197
8 1134
8 1089
8 488
8 975
8 262
8 1386
8 627
8 1361
8 1184
8 977
8 1072
8 290
8 1294
8 1279
8 1157
8 328
8 381
8 42
8 158
8 1324
8 1246
8 245
8 600
8 500
8 844
8 1019
8 786
8 1136
8 1169
8 781
8 1193
8 325
8 707
8 1274
8 555
8 1220
8 575
8 332
8 300
8 78
8 1149
8 8
8 342
8 1319
8 899
8 1278
8 464
8 211
8 541
8 170
8 294
8 788
8 276
8 902
8 756
8 1265
8 1322
8 144
8 221
8 72
8 44
8 115
8 149
8 101
8 62
8 1059
8 1375
8 1381
8 1380
8 364
8 805
8 100
8 94
8 1330
8 1328
8 683
8 493
8 25
8 1097
8 1300
8 209
8 874
8 845
8 1271
8 417
8 1268
8 522
8 225
8 486
8 83
8 1147
8 1325
8 199
8 1313
8 427
9 1312
9 1286
9 236
9 1298
9 259
9 175
9 317
9 396
9 110
9 1314
9 1315
9 1033
9 656
9 1139
9 1157
9 1011
9 239
9 575
9 140
9 1156
9 405
9 401
9 873
9 1082
9 305
9 1264
9 1252
9 1296
9 537
9 139
9 318
9 829
9 1257
9 170
9 302
9 572
9 329
9 1313
9 1274
9 663
9 570
9 1009
9 123
9 893
9 1319
9 540
9 1316
9 1253
9 310
9 1230
9 74
9 410
9 183
9 905
9 456
9 851
9 26
9 334
9 1227
9 1311
9 223
9 63
9 573
9 37
9 178
9 523
9 383
9 611
9 190
9 568
9 666
9 1317
9 1161
9 283
9 1010
9 85
9 101
9 1310
9 550
9 124
9 1248
9 160
9 373
9 10
9 19
9 1158
9 494
9 444
9 914
9 499
9 24
9 332
9 757
9 906
9 667
9 1374
9 327
9 1231
9 574
9 171
9 1125
9 2
9 625
9 1198
9 976
9 1368
9 192
9 534
9 525
9 167
9 556
9 340
9 552
9 25
9 1299
9 272
9 193
9 308
9 576
9 983
9 1143
9 1238
9 1245
9 309
9 1200
9 360
9 549
9 98
9 665
9 744
9 490
9 951
9 773
9 134
9 903
9 630
9 1199
9 438
9 378
9 1222
9 1076
9 1364
9 298
9 1003
9 1189
9 303
9 488
9 117
9 71
9 307
9 359
9 1394
9 1283
9 691
9 323
9 428
9 411
9 1263
9 544
9 949
9 294
9 536
9 798
9 293
9 1309
9 335
9 1077
9 1395
9 402
9 1195
9 1390
9 975
9 153
9 436
9 35
9 1203
9 1320
9 1367
9 1378
9 541
9 583
9 211
9 1356
9 939
9 504
9 587
9 358
9 363
9 319
9 854
9 529
9 714
9 87
9 1359
9 263
9 1205
9 369
9 439
9 238
9 1391
9 925
9 483
9 569
9 1224
9 1365
9 524
9 345
9 1234
9 371
9 944
9 1318
9 688
9 232
9 68
9 1229
9 467
9 328
9 1326
9 1350
9 212
9 843
9 44
9 1375
9 708
9 56
9 1121
9 495
9 69
9 889
9 256
9 352
9 208
9 530
9 788
9 421
9 1347
9 496
9 1031
9 626
9 1084
9 917
9 1073
9 364
9 1389
9 981
9 58
9 1180
9 1083
9 998
9 1007
9 595
9 395
9 655
9 150
9 36
9 1179
9 645
9 1228
9 1078
9 342
9 891
9 1386
9 372
9 765
9 265
9 941
9 1138
9 1186
9 493
9 166
9 1218
9 49
9 213
9 1297
9 34
9 188
9 946
9 1279
9 27
9 1276
9 54
9 403
9 1213
9 1059
9 1002
9 389
9 132
9 64
9 1208
9 93
9 967
9 927
9 1295
9 17
9 580
9 301
9 1353
9 1272
9 1053
9 177
9 670
9 138
9 689
9 577
9 276
9 1250
9 850
9 179
9 613
9 1081
9 131
9 672
9 201
9 658
9 437
9 133
9 349
9 811
9 128
9 1056
9 539
9 459
9 1354
9 23
9 1067
9 1204
9 904
9 1151
9 1377
9 797
9 195
9 418
9 295
9 1372
9 1373
9 231
9 1255
9 1305
9 535
9 1329
9 1080
9 14
9 940
9 234
9 567
9 475
9 1202
9 1159
9 1188
9 609
9 304
9 306
9 1107
9 1304
9 1251
9 902
9 730
9 394
9 291
9 928
9 38
9 1141
9 1136
9 604
9 759
9 217
9 1140
9 28
9 557
9 624
9 1123
9 240
9 337
9 1308
9 517
9 20
9 482
9 311
9 1379
9 522
9 97
9 465
9 1214
9 324
9 841
9 501
9 614
9 228
9 707
9 491
9 703
9 1239
9 1192
9 72
9 1260
9 149
9 299
9 1285
9 803
9 387
9 612
9 660
9 1086
9 629
9 1153
9 1282
9 1254
9 1335
9 11
9 1049
9 742
9 412
9 818
9 581
9 1215
9 1221
9 793
9 926
9 222
9 823
9 57
9 585
9 322
9 423
9 1216
9 508
9 608
9 921
9 315
9 956
9 86
9 562
9 268
9 365
9 333
9 696
9 388
9 435
9 451
9 1100
9 533
9 814
9 65
9 88
9 845
9 1154
9 966
9 1085
9 1273
9 1006
9 1267
9 415
9 165
9 1187
9 257
9 836
9 866
9 1041
9 518
9 547
9 184
9 84
9 489
9 521
9 81
9 449
9 191
9 380
9 406
9 1294
9 837
9 347
9 865
9 653
9 1217
9 381
9 868
9 1184
9 135
9 500
9 9
9 351
9 361
9 807
9 235
9 800
9 958
9 824
9 1321
9 571
9 960
9 1065
9 464
9 809
9 209
9 827
9 515
9 1114
9 391
9 639
9 548
9 794
9 1206
9 1196
9 538
9 214
9 300
9 344
9 252
9 775
9 481
9 1113
9 1361
9 227
9 417
9 734
9 554
9 244
9 526
9 1337
9 602
9 805
9 779
9 801
9 1370
9 147
9 255
9 384
9 152
9 296
9 723
9 112
9 934
9 1147
9 749
9 1015
9 48
9 47
9 787
9 109
9 740
9 469
9 1181
9 355
9 1261
9 1382
9 455
9 947
9 253
9 237
9 1183
9 1119
9 1149
9 1281
9 73
9 564
9 354
9 503
9 262
9 699
9 623
9 245
9 92
9 419
9 870
9 555
9 802
9 267
9 1280
9 1346
9 1240
9 1235
9 94
9 933
9 426
9 477
9 786
9 288
9 1018
9 804
9 1105
9 1343
9 646
9 1247
9 739
9 168
9 453
9 677
9 599
9 497
9 1322
9 1277
9 828
9 806
9 1061
9 172
9 962
9 164
9 810
9 99
9 1028
9 404
9 1387
9 122
9 1380
9 1039
9 230
9 1265
9 142
9 353
9 187
9 89
9 1349
9 654
9 416
9 1191
9 992
9 274
9 432
9 169
9 1327
9 1300
9 1201
9 473
9 3
9 1219
9 753
9 1072
9 202
9 686
9 148
9 1040
9 808
9 1351
9 1226
9 1371
9 1258
9 77
9 1182
9 553
9 118
9 657
9 620
9 472
9 242
9 1209
9 462
9 1303
9 1302
9 1307
9 205
9 1225
9 774
9 487
9 1134
9 694
9 375
9 498
9 993
9 4
9 1092
9 997
9 693
9 1275
9 379
9 900
9 603
9 121
9 42
9 221
9 440
9 266
9 1106
9 393
9 278
9 82
9 45
9 987
9 974
9 651
9 633
9 18
9 1244
9 579
9 712
9 979
9 341
9 872
9 984
9 692
9 282
9 1301
9 386
9 270
9 452
9 710
9 468
9 216
9 706
9 39
9 892
9 527
9 273
9 636
9 398
9 637
9 206
9 1108
9 326
9 1232
9 669
9 1194
9 430
9 59
9 105
9 965
9 189
9 1210
9 673
9 507
9 514
9 377
9 180
9 385
9 33
9 313
9 607
9 1236
9 1324
9 989
9 458
9 675
9 106
9 382
9 659
9 1249
9 601
9 901
9 1220
9 1110
9 420
9 376
9 683
9 186
9 652
9 1323
9 751
9 1256
9 592
9 370
9 277
9 771
9 662
9 959
9 1142
9 610
9 1259
9 297
9 407
9 269
9 590
9 196
9 1393
9 116
9 1242
9 1262
9 248
9 466
9 563
9 356
9 820
9 680
9 920
9 1144
9 600
9 258
9 918
9 772
9 1287
9 922
9 1074
9 1193
9 1233
9 945
9 103
9 661
9 531
9 785
9 22
9 292
9 799
9 427
9 770
9 682
9 450
9 1165
9 445
9 50
9 990
9 545
9 690
9 988
9 261
9 146
9 1190
9 916
9 280
9 161
9 1112
9 795
9 963
9 784
9 1306
9 61
9 485
9 366
9 1148
9 632
9 443
9 21
9 1223
9 1270
9 977
9 895
9 241
9 919
9 7
9 719
9 203
9 91
9 312
9 1330
9 197
9 701
9 1339
9 325
9 1014
9 470
9 102
9 980
9 687
9 173
9 970
9 705
9 565
9 792
9 1325
9 942
9 316
9 224
9 986
9 1124
9 1266
9 460
9 915
9 588
9 461
9 668
9 597
9 53
9 591
9 700
9 159
9 145
9 1289
9 511
9 55
9 1328
9 750
9 70
9 789
9 144
9 413
9 578
9 119
9 560
9 115
9 561
9 120
9 1269
9 125
9 1288
9 126
9 996
9 457
9 991
9 243
9 606
9 182
9 6
9 589
9 1237
9 994
9 16
9 528
9 176
9 754
9 346
9 634
9 52
9 348
9 1334
9 1241
9 817
9 1385
9 748
9 96
9 1332
9 60
9 287
9 247
9 627
9 225
9 207
9 204
9 1383
9 1207
9 155
9 1284
9 943
9 593
9 1
9 1268
9 985
9 442
9 899
9 1278
9 1128
9 433
9 964
9 1246
9 702
9 1093
9 781
9 907
9 1341
9 1336
9 894
9 62
9 314
9 825
9 697
9 157
9 1024
9 1212
9 1104
9 1064
9 51
9 704
9 635
9 1164
9 767
9 229
9 174
9 289
9 1166
9 484
9 857
9 198
9 869
9 856
9 486
9 199
10 1380
10 1124
10 1188
10 368
10 638
10 748
10 279
10 226
10 1291
10 1256
10 674
10 701
10 225
10 566
10 816
10 431
10 834
10 699
10 1349
10 712
10 235
10 1355
10 683
10 708
10 698
10 969
10 1344
10 650
10 1239
10 451
10 416
10 1343
10 794
10 1345
10 70
10 671
10 513
10 360
10 1163
10 1341
10 1246
10 704
10 1034
10 567
10 811
10 141
10 164
10 1218
10 780
10 367
10 1169
10 1136
10 465
10 971
10 797
10 758
10 265
10 994
10 1352
10 792
10 340
10 77
10 1
10 312
10 624
10 925
10 1353
10 1340
10 678
10 147
10 200
10 1212
10 1258
10 519
10 893
10 1266
10 233
10 415
10 1381
10 713
10 357
10 1334
10 124
10 213
10 1347
10 1332
10 632
10 246
10 535
10 85
10 700
10 991
10 57
10 204
10 86
10 1351
10 812
10 56
10 1300
10 791
10 12
10 215
10 746
10 809
10 1289
10 1219
10 232
10 1292
10 173
10 592
10 1204
10 439
10 640
10 221
10 282
10 1243
10 772
10 920
10 773
10 685
10 1226
10 785
10 1305
10 815
10 662
10 1076
10 1214
10 975
10 709
10 212
10 1195
10 1247
10 757
10 901
10 689
10 923
10 702
10 69
10 1293
10 1311
10 203
10 1339
10 845
10 174
10 238
10 503
10 346
10 1191
10 1326
10 1373
10 234
10 1162
10 63
10 562
10 677
10 679
10 612
10 793
10 1354
10 1338
10 172
10 996
10 374
10 227
10 836
10 573
10 1075
10 253
10 1199
10 146
10 1000
10 876
10 55
10 193
10 922
10 343
10 470
10 1217
10 247
10 749
10 918
10 341
10 205
10 1348
10 561
10 613
10 1280
10 643
10 880
10 189
10 946
10 61
10 206
10 52
10 1249
10 1333
10 798
10 379
10 1062
10 692
10 1186
10 601
10 631
10 779
10 547
10 970
10 571
10 696
10 543
10 1205
10 66
10 342
10 924
10 796
10 328
10 724
10 919
10 36
10 1131
10 602
10 198
10 985
10 1265
10 680
10 593
10 883
10 800
10 448
10 53
10 916
10 604
10 945
10 475
10 865
10 484
10 1003
10 440
10 972
10 1007
10 163
10 783
10 1360
10 625
10 658
10 504
10 184
10 347
10 23
10 590
10 759
10 606
10 687
10 868
10 363
10 187
10 694
10 199
10 39
10 672
10 71
10 33
10 964
10 1051
10 986
10 921
10 429
10 530
10 1288
10 1229
10 430
10 614
10 651
10 762
10 45
10 1323
10 1033
10 419
10 1104
10 711
10 1074
10 14
10 799
10 529
10 1164
10 973
10 142
10 245
10 1155
10 248
10 186
10 1039
10 50
10 992
10 989
10 706
10 608
10 411
10 25
10 787
10 896
10 493
10 949
10 1081
10 583
10 997
10 230
10 615
10 101
10 202
10 421
10 384
10 1342
10 338
10 1329
10 917
10 443
10 383
10 806
10 256
10 81
10 288
10 406
10 197
10 695
10 1259
10 274
10 179
10 1187
10 1012
10 899
10 1399
10 188
10 668
10 993
10 301
10 1238
10 1328
10 27
10 516
10 1080
10 182
10 1121
10 1092
10 1307
10 618
10 514
10 1290
10 1378
10 522
10 207
10 987
10 59
10 686
10 805
10 359
10 1248
10 1315
10 1313
10 7
10 1015
10 373
10 89
10 211
10 423
10 906
10 280
10 1193
10 102
10 176
10 770
10 870
10 371
10 413
10 263
10 676
10 474
10 833
10 570
10 1356
10 1211
10 372
10 125
10 382
10 1330
10 1176
10 807
10 466
10 1140
10 1141
10 935
10 285
10 839
10 452
10 1147
10 1175
10 861
10 630
10 1069
10 1224
10 636
10 1117
10 277
10 275
10 467
10 544
10 1264
10 663
10 1263
10 907
10 705
10 857
10 1310
10 984
10 536
10 1134
10 1397
10 505
10 1078
10 9
10 1093
10 1040
10 356
10 260
10 747
10 1299
10 490
10 231
10 1251
10 127
10 250
10 1346
10 597
10 391
10 1337
10 565
10 1198
10 690
10 239
10 1005
10 449
10 1287
10 581
10 719
10 790
10 881
10 1262
10 981
10 959
10 1391
10 511
10 229
10 878
10 974
10 1250
10 856
10 637
10 633
10 933
10 40
10 1107
10 942
10 948
10 1384
10 272
10 110
10 1066
10 577
10 808
10 753
10 675
10 947
10 1233
10 1325
10 1105
10 1395
10 456
10 122
10 1201
10 354
10 1179
10 822
10 858
10 352
10 24
10 617
10 555
10 96
10 520
10 1367
10 1336
10 314
10 62
10 1331
10 435
10 801
10 1001
10 546
10 554
10 693
10 249
10 905
10 1196
10 1237
10 433
10 928
10 185
10 1364
10 548
10 1362
10 1114
10 755
10 803
10 76
10 661
10 426
10 171
10 1231
10 958
10 965
10 304
10 446
10 370
10 1153
10 369
10 1284
10 673
10 161
10 596
10 1009
10 771
10 782
10 162
10 859
10 634
10 428
10 569
10 572
10 73
10 628
10 297
10 1202
10 998
10 348
10 1350
10 766
10 1106
10 311
10 54
10 1207
10 486
10 175
10 1065
10 588
10 962
10 765
10 1216
10 767
10 287
10 814
10 135
10 1013
10 599
10 895
10 264
10 483
10 575
10 139
10 729
10 1157
10 1320
10 1077
10 10
10 349
10 733
10 1159
10 218
10 1035
10 1113
10 79
10 1154
10 94
10 714
10 903
10 1279
10 1274
10 41
10 710
10 442
10 539
10 178
10 482
10 166
10 1319
10 74
10 1089
10 477
10 80
10 44
10 938
10 362
10 473
10 1215
10 1386
10 316
10 43
10 414
10 487
10 1257
10 717
10 915
10 666
10 1018
10 844
10 49
10 1115
10 441
10 88
10 337
10 335
10 682
10 434
10 1059
10 649
10 165
10 703
10 47
10 240
10 1057
10 315
10 261
10 177
10 591
10 999
10 303
10 894
10 293
10 1158
10 927
10 697
10 1272
10 576
10 1082
10 145
10 1228
10 160
10 727
10 134
10 453
10 1227
10 941
10 1230
10 860
10 109
10 294
10 1024
10 1387
10 252
10 268
10 1400
10 564
10 1210
10 284
10 1183
10 568
10 270
10 578
10 417
10 761
10 1335
10 48
10 126
10 1151
10 976
10 1312
10 82
10 897
10 1010
10 243
10 1173
10 1071
10 1372
10 68
10 35
10 603
10 216
10 257
10 345
10 244
10 309
10 846
10 1008
10 776
10 432
10 754
10 829
10 380
10 888
10 1098
10 669
10 84
10 515
10 1143
10 310
10 1020
10 1390
10 1366
10 283
10 1281
10 28
10 670
10 462
10 1382
10 1277
10 1100
10 827
10 534
10 58
10 469
10 852
10 828
10 228
10 1004
10 937
10 1223
10 1282
10 1270
10 377
10 1297
10 201
10 891
10 605
10 151
10 158
10 214
10 929
10 20
10 210
10 657
10 813
10 149
10 332
10 464
10 420
10 1209
10 1302
10 1221
10 117
10 1002
10 781
10 1172
10 398
10 691
10 78
10 64
10 1156
10 1374
10 170
10 926
10 351
10 1394
10 1225
10 113
10 98
10 302
10 389
10 223
10 1206
10 144
10 1273
10 1213
10 21
10 1152
10 537
10 1236
10 1357
10 499
10 1006
10 1094
10 684
10 635
10 786
10 826
10 93
10 867
10 266
10 375
10 559
10 913
10 1149
10 476
10 454
10 1296
10 254
10 255
10 408
10 460
10 129
10 1322
10 307
10 910
10 730
10 889
10 721
10 847
10 667
10 1369
10 1371
10 1061
10 681
10 422
10 299
10 1252
10 1388
10 119
10 115
10 262
10 1085
10 306
10 769
10 611
10 46
10 22
10 143
10 550
10 1271
10 361
10 843
10 30
10 884
10 1132
10 37
10 545
10 497
10 540
10 330
10 1222
10 209
10 979
10 491
10 610
10 872
10 1047
10 1096
10 784
10 1200
10 269
10 874
10 1241
10 196
10 538
10 60
10 128
10 329
10 1294
10 395
10 1324
10 427
10 97
10 133
10 208
10 325
10 267
10 300
10 103
10 8
10 1278
10 123
10 934
10 990
10 1088
10 738
10 656
10 646
10 542
10 1242
10 825
10 756
10 560
10 837
10 1392
10 1097
10 132
10 1144
10 83